     ksi           x              z  
  0.31771451968733611        15.561392062161289       -2.9324849526219854     
  0.31122784124322578        15.561392062161289       -2.9324849526219854     
  0.36122784124322577        15.561392062161289       -2.9324849526219854     
  0.41122784124322576        15.561392062161289       -2.9324849526219854     
  0.46122784124322574        15.561392062161289       -2.9324849526219854     
  0.51122784124322573        15.561392062161289       -2.9324849526219854     
  0.56122784124322578        15.561392062161289       -2.9324849526219854     
  0.61122784124322582        15.561392062161289       -2.9324849526219854     
  0.66122784124322587        15.561392062161289       -2.9324849526219854     
  0.71122784124322591        15.561392062161289       -2.9324849526219854     
  0.76122784124322596        15.561392062161289       -2.9324849526219854     
  0.81122784124322600        15.561392062161289       -2.9324849526219854     
  0.86122784124322604        15.561392062161289       -2.9324849526219854     
  0.91122784124322609        15.561392062161289       -2.9324849526219854     
  0.96122784124322613        15.561392062161289       -2.9324849526219854     
   1.0112278412432261        15.561392062161289       -2.9324849526219854     
   1.0612278412432261        15.561392062161289       -2.9324849526219854     
   1.1112278412432262        15.561392062161289       -2.9324849526219854     
   1.1612278412432262        15.561392062161289       -2.9324849526219854     
   1.2112278412432262        15.561392062161289       -2.9324849526219854     
   1.2612278412432263        15.561392062161289       -2.9324849526219854     
   1.3112278412432263        15.561392062161289       -2.9324849526219854     
   1.3612278412432264        15.561392062161289       -2.9324849526219854     
   1.4112278412432264        15.561392062161289       -2.9324849526219854     
   1.4612278412432265        15.561392062161289       -2.9324849526219854     
   1.5112278412432265        15.561392062161289       -2.9324849526219854     
   1.5612278412432266        15.561392062161289       -2.9324849526219854     
   1.6112278412432266        15.561392062161289       -2.9324849526219854     
   1.6612278412432266        15.561392062161289       -2.9324849526219854     
   1.7112278412432267        15.561392062161289       -2.9324849526219854     
   1.7612278412432267        15.561392062161289       -2.9324849526219854     
   1.8112278412432268        15.561392062161289       -2.9324849526219854     
   1.8612278412432268        15.561392062161289       -2.9324849526219854     
   1.9112278412432269        15.561392062161289       -2.9324849526219854     
   1.9612278412432269        15.561392062161289       -2.9324849526219854     
   2.0112278412432270        15.561392062161289       -2.9324849526219854     
   2.0612278412432268        15.561392062161289       -2.9324849526219854     
   2.1112278412432266        15.561392062161289       -2.9324849526219854     
   2.1612278412432264        15.561392062161289       -2.9324849526219854     
   2.2112278412432262        15.561392062161289       -2.9324849526219854     
   2.2612278412432261        15.561392062161289       -2.9324849526219854     
   2.3112278412432259        15.561392062161289       -2.9324849526219854     
   2.3612278412432257        15.561392062161289       -2.9324849526219854     
   2.4112278412432255        15.561392062161289       -2.9324849526219854     
   2.4612278412432254        15.561392062161289       -2.9324849526219854     
   2.5112278412432252        15.561392062161289       -2.9324849526219854     
   2.5612278412432250        15.561392062161289       -2.9324849526219854     
   2.6112278412432248        15.561392062161289       -2.9324849526219854     
   2.6612278412432246        15.561392062161289       -2.9324849526219854     
   2.7112278412432245        15.561392062161289       -2.9324849526219854     
   2.7612278412432243        15.561392062161289       -2.9324849526219854     
   2.8112278412432241        15.561392062161289       -2.9324849526219854     
   2.8612278412432239        15.561392062161289       -2.9324849526219854     
   2.9112278412432238        15.561392062161289       -2.9324849526219854     
   2.9612278412432236        15.561392062161289       -2.9324849526219854     
   3.0112278412432234        15.561392062161289       -2.9324849526219854     
   3.0612278412432232        15.561392062161289       -2.9324849526219854     
   3.1112278412432230        15.561392062161289       -2.9324849526219854     
   3.1612278412432229        15.561392062161289       -2.9324849526219854     
   3.2112278412432227        15.561392062161289       -2.9324849526219854     
   3.2612278412432225        15.561392062161289       -2.9324849526219854     
   3.3112278412432223        15.561392062161289       -2.9324849526219854     
   3.3612278412432222        15.561392062161289       -2.9324849526219854     
   3.4112278412432220        15.561392062161289       -2.9324849526219854     
   3.4612278412432218        15.561392062161289       -2.9324849526219854     
   3.5112278412432216        15.561392062161289       -2.9324849526219854     
   3.5612278412432214        15.561392062161289       -2.9324849526219854     
   3.6112278412432213        15.561392062161289       -2.9324849526219854     
   3.6612278412432211        15.561392062161289       -2.9324849526219854     
   3.7112278412432209        15.561392062161289       -2.9324849526219854     
   3.7612278412432207        15.561392062161289       -2.9324849526219854     
   3.8112278412432206        15.561392062161289       -2.9324849526219854     
   3.8612278412432204        15.561392062161289       -2.9324849526219854     
   3.9112278412432202        15.561392062161289       -2.9324849526219854     
   3.9612278412432200        15.561392062161289       -2.9324849526219854     
   4.0112278412432198        15.561392062161289       -2.9324849526219854     
   4.0612278412432197        15.561392062161289       -2.9324849526219854     
   4.1112278412432195        15.561392062161289       -2.9324849526219854     
   4.1612278412432193        15.561392062161289       -2.9324849526219854     
   4.2112278412432191        15.561392062161289       -2.9324849526219854     
   4.2612278412432190        15.561392062161289       -2.9324849526219854     
   4.3112278412432188        15.561392062161289       -2.9324849526219854     
   4.3612278412432186        15.561392062161289       -2.9324849526219854     
   4.4112278412432184        15.561392062161289       -2.9324849526219854     
   4.4612278412432183        15.561392062161289       -2.9324849526219854     
   4.5112278412432181        15.561392062161289       -2.9324849526219854     
   4.5612278412432179        15.561392062161289       -2.9324849526219854     
   4.6112278412432177        15.561392062161289       -2.9324849526219854     
   4.6612278412432175        15.561392062161289       -2.9324849526219854     
   4.7112278412432174        15.561392062161289       -2.9324849526219854     
   4.7612278412432172        15.561392062161289       -2.9324849526219854     
   4.8112278412432170        15.561392062161289       -2.9324849526219854     
   4.8612278412432168        15.561392062161289       -2.9324849526219854     
   4.9112278412432167        15.561392062161289       -2.9324849526219854     
   4.9612278412432165        15.561392062161289       -2.9324849526219854     
   5.0112278412432163        15.561392062161289       -2.9324849526219854     
   5.0612278412432161        15.561392062161289       -2.9324849526219854     
   5.1112278412432159        15.561392062161289       -2.9324849526219854     
   5.1612278412432158        15.561392062161289       -2.9324849526219854     
   5.2112278412432156        15.561392062161289       -2.9324849526219854     
   5.2612278412432154        15.561392062161289       -2.9324849526219854     
   5.3112278412432152        15.561392062161289       -2.9324849526219854     
   5.3612278412432151        15.561392062161289       -2.9324849526219854     
   5.4112278412432149        15.561392062161289       -2.9324849526219854     
   5.4612278412432147        15.561392062161289       -2.9324849526219854     
   5.5112278412432145        15.561392062161289       -2.9324849526219854     
   5.5612278412432143        15.561392062161289       -2.9324849526219854     
   5.6112278412432142        15.561392062161289       -2.9324849526219854     
   5.6612278412432140        15.561392062161289       -2.9324849526219854     
   5.7112278412432138        15.561392062161289       -2.9324849526219854     
   5.7612278412432136        15.561392062161289       -2.9324849526219854     
   5.8112278412432135        15.561392062161289       -2.9324849526219854     
   5.8612278412432133        15.561392062161289       -2.9324849526219854     
   5.9112278412432131        15.561392062161289       -2.9324849526219854     
   5.9612278412432129        15.561392062161289       -2.9324849526219854     
   6.0112278412432127        15.561392062161289       -2.9324849526219854     
   6.0612278412432126        15.561392062161289       -2.9324849526219854     
   6.1112278412432124        15.561392062161289       -2.9324849526219854     
   6.1612278412432122        15.561392062161289       -2.9324849526219854     
   6.2112278412432120        15.561392062161289       -2.9324849526219854     
   6.2612278412432119        15.561392062161289       -2.9324849526219854     
   6.3112278412432117        15.561392062161289       -2.9324849526219854     
   6.3612278412432115        15.561392062161289       -2.9324849526219854     
   6.4112278412432113        15.561392062161289       -2.9324849526219854     
   6.4612278412432111        15.561392062161289       -2.9324849526219854     
   6.5112278412432110        15.561392062161289       -2.9324849526219854     
   6.5612278412432108        15.561392062161289       -2.9324849526219854     
   6.6112278412432106        15.561392062161289       -2.9324849526219854     
   6.6612278412432104        15.561392062161289       -2.9324849526219854     
   6.7112278412432103        15.561392062161289       -2.9324849526219854     
   6.7612278412432101        15.561392062161289       -2.9324849526219854     
   6.8112278412432099        15.561392062161289       -2.9324849526219854     
   6.8612278412432097        15.561392062161289       -2.9324849526219854     
   6.9112278412432095        15.561392062161289       -2.9324849526219854     
   6.9612278412432094        15.561392062161289       -2.9324849526219854     
   7.0112278412432092        15.561392062161289       -2.9324849526219854     
   7.0612278412432090        15.561392062161289       -2.9324849526219854     
   7.1112278412432088        15.561392062161289       -2.9324849526219854     
   7.1612278412432087        15.561392062161289       -2.9324849526219854     
   7.2112278412432085        15.561392062161289       -2.9324849526219854     
   7.2612278412432083        15.561392062161289       -2.9324849526219854     
   7.3112278412432081        15.561392062161289       -2.9324849526219854     
   7.3612278412432079        15.561392062161289       -2.9324849526219854     
   7.4112278412432078        15.561392062161289       -2.9324849526219854     
   7.4612278412432076        15.561392062161289       -2.9324849526219854     
   7.5112278412432074        15.561392062161289       -2.9324849526219854     
   7.5612278412432072        15.561392062161289       -2.9324849526219854     
   7.6112278412432071        15.561392062161289       -2.9324849526219854     
   7.6612278412432069        15.561392062161289       -2.9324849526219854     
   7.7112278412432067        15.561392062161289       -2.9324849526219854     
   7.7612278412432065        15.561392062161289       -2.9324849526219854     
   7.8112278412432063        15.561392062161289       -2.9324849526219854     
   7.8612278412432062        15.561392062161289       -2.9324849526219854     
   7.9112278412432060        15.561392062161289       -2.9324849526219854     
   7.9612278412432058        15.561392062161289       -2.9324849526219854     
   8.0112278412432065        15.561392062161289       -2.9324849526219854     
   8.0612278412432072        15.561392062161289       -2.9324849526219854     
   8.1112278412432079        15.561392062161289       -2.9324849526219854     
   8.1612278412432087        15.561392062161289       -2.9324849526219854     
   8.2112278412432094        15.561392062161289       -2.9324849526219854     
   8.2612278412432101        15.561392062161289       -2.9324849526219854     
