   1.3056830766806555     
   1.2622497284039678     
   1.1812548455824214     
   1.0794478318345679     
  0.96881439101145883     
  0.85894264443512713     
  0.75660627465486863     
  0.66564236814113742     
  0.58739166278875765     
  0.52145839204836608     
  0.46648582651346221     
  0.42075486699243464     
  0.38255644933928440     
  0.35038076608411467     
  0.32298924013982189     
  0.29941751621963197     
  0.27893699039402792     
  0.26099581376085434     
  0.24516149914401847     
  0.23108268215898717     
  0.21847352017130672     
  0.20710967131959676     
  0.19682104053427799     
  0.18747536569004855     
  0.17895907164109243     
  0.17116632801429962     
  0.16400069639993359     
  0.15738318216790056     
  0.15125598500907583     
  0.14557654284259480     
  0.14030615231836907     
  0.13540248464386401     
  0.13082147439885969     
  0.12652541811804438     
  0.12248882519307541     
  0.11869622072630873     
  0.11513384051590565     
  0.11178268605974638     
  0.10861884467800893     
  0.10562013150977081     
  0.10277246135755755     
  0.10006996489295218     
   9.7508862117547543E-002
   9.5080798772926411E-002
   9.2771597620531249E-002
   9.0566209911380730E-002
   8.8455003230742277E-002
   8.6435531099755256E-002
   8.4508290659779189E-002
   8.2670504991855243E-002
   8.0913604313316193E-002
   7.9226501772890506E-002
   7.7601420696505552E-002
   7.6036842178780428E-002
   7.4534966624235588E-002
   7.3096166739504823E-002
   7.1715556033724648E-002
   7.0384694702999628E-002
   6.9096683126126601E-002
   6.7849877358796759E-002
   6.6646877067046278E-002
   6.5489846790578524E-002
   6.4376531059949976E-002
   6.3300553504395826E-002
   6.2255582212221355E-002
   6.1239442413818734E-002
   6.0254427363085034E-002
   5.9303630512295959E-002
   5.8386746718534485E-002
   5.7499172044025486E-002
   5.6635120266517486E-002
   5.5791799992171417E-002
   5.4970815438173080E-002
   5.4175587658022453E-002
   5.3407247821605934E-002
   5.2662778439162027E-002
   5.1937031574802769E-002
   5.1226681383750784E-002
   5.0532458514163693E-002
   4.9857672491289487E-002
   4.9204458791920286E-002
   4.8571223100640375E-002
   4.7953579010124966E-002
   4.7347837878832261E-002
   4.6753808203600783E-002
   4.6174368629977362E-002
   4.5612277756287192E-002
   4.5067190307733207E-002
   4.4535592625312058E-002
   4.4013648687246602E-002
   4.3500296245954417E-002
   4.2997764398975090E-002
   4.2509096423767538E-002
   4.2035000135311792E-002
   4.1572910672540132E-002
   4.1119072262717556E-002
   4.0671676561863677E-002
   4.0232173260936616E-002
   3.9803594899165962E-002
   3.9387483872774083E-002
   3.8982251793510059E-002
   3.8584438253728773E-002
   3.8191662866653153E-002
   3.7804544163634358E-002
   3.7425854571145799E-002
   3.7057735117314021E-002
   3.6699547437651955E-002
   3.6348310286730856E-002
   3.6001273450470127E-002
   3.5658240462958637E-002
   3.5321524948039008E-002
   3.4993623227004736E-002
   3.4674768052322329E-002
   3.4362597790038023E-002
   3.4054205106329220E-002
   3.3748653125926370E-002
   3.3447654009493337E-002
   3.3153822115048685E-002
   3.2868137739930497E-002
   3.2588949986587484E-002
   3.2313402893506767E-002
   3.2039942076344058E-002
   3.1769595193938384E-002
   3.1504877168863181E-002
   3.1247358483919727E-002
   3.0996138574371279E-002
   3.0748603700508345E-002
   3.0502740643464192E-002
   3.0258868514884685E-002
   3.0019216099351025E-002
   2.9785764265673143E-002
   2.9558350868789905E-002
   2.9334764999890031E-002
   2.9112714074415465E-002
   2.8891838452906399E-002
   2.8673932429607137E-002
   2.8461196370974082E-002
   2.8254145867527447E-002
   2.8051093063786441E-002
   2.7849651001887497E-002
   2.7648857082975334E-002
   2.7449966420804946E-002
   2.7255209089906644E-002
   2.7065675674996199E-002
   2.6880275520875442E-002
   2.6696704572945349E-002
   2.6513510309497258E-002
   2.6331351404977728E-002
   2.6152311869846671E-002
   2.5977922979565100E-002
   2.5807718378566869E-002
   2.5639635808016578E-002
   2.5471873544361034E-002
   2.5304485276774216E-002
   2.5139258968155078E-002
   2.4978012920388239E-002
   2.4820887326042221E-002
   2.4666193202769027E-002
   2.4511936774756170E-002
   2.4357604217768301E-002
