 -0.2119786E+01
 -0.2094786E+01
 -0.2069786E+01
 -0.2044786E+01
 -0.2019786E+01
 -0.1994786E+01
 -0.1969786E+01
 -0.1944786E+01
 -0.1919786E+01
 -0.1894786E+01
 -0.1869786E+01
 -0.1844786E+01
 -0.1819786E+01
 -0.1794786E+01
 -0.1769786E+01
 -0.1744786E+01
 -0.1719786E+01
 -0.1694786E+01
 -0.1669786E+01
 -0.1644786E+01
 -0.1619786E+01
 -0.1594786E+01
 -0.1569786E+01
 -0.1544786E+01
 -0.1519786E+01
 -0.1494786E+01
 -0.1469786E+01
 -0.1444786E+01
 -0.1419786E+01
 -0.1394786E+01
 -0.1369786E+01
 -0.1344786E+01
 -0.1319786E+01
 -0.1294786E+01
 -0.1269786E+01
 -0.1244786E+01
 -0.1219786E+01
 -0.1194786E+01
 -0.1169786E+01
 -0.1144786E+01
 -0.1119786E+01
 -0.1094786E+01
 -0.1069786E+01
 -0.1044786E+01
 -0.1019786E+01
 -0.9947855E+00
 -0.9697855E+00
 -0.9447855E+00
 -0.9197855E+00
 -0.8947855E+00
 -0.8697855E+00
 -0.8447855E+00
 -0.8197855E+00
 -0.7947855E+00
 -0.7697855E+00
 -0.7447855E+00
 -0.7197855E+00
 -0.6947855E+00
 -0.6697855E+00
 -0.6447855E+00
 -0.6197855E+00
 -0.5947855E+00
 -0.5697855E+00
 -0.5447855E+00
 -0.5197855E+00
 -0.4947855E+00
 -0.4697855E+00
 -0.4447855E+00
 -0.4197855E+00
 -0.3947855E+00
 -0.3697855E+00
 -0.3447855E+00
 -0.3197855E+00
 -0.2947855E+00
 -0.2697855E+00
 -0.2447855E+00
 -0.2197855E+00
 -0.1947855E+00
 -0.1697855E+00
 -0.1447855E+00
 -0.1197855E+00
 -0.9478548E-01
 -0.6978548E-01
 -0.4478548E-01
 -0.1978548E-01
  0.5214453E-02
  0.3020161E-01
  0.5513731E-01
  0.7998529E-01
  0.1047192E+00
  0.1293247E+00
  0.1538006E+00
  0.1781575E+00
  0.2024161E+00
  0.2266054E+00
  0.2507591E+00
  0.2749140E+00
  0.2991067E+00
  0.3233707E+00
  0.3477346E+00
  0.3722184E+00
  0.3968322E+00
  0.4215738E+00
  0.4464282E+00
  0.4713683E+00
  0.4963573E+00
  0.5213527E+00
  0.5463112E+00
  0.5711938E+00
  0.5959704E+00
  0.6206222E+00
  0.6451435E+00
  0.6695406E+00
  0.6938311E+00
  0.7180413E+00
  0.7422035E+00
  0.7663537E+00
  0.7905290E+00
  0.8147641E+00
  0.8390898E+00
  0.8635294E+00
  0.8880968E+00
  0.9127942E+00
  0.9376111E+00
  0.9625246E+00
  0.9875010E+00
  0.1012500E+01
  0.1037500E+01
  0.1062500E+01
  0.1087500E+01
  0.1112500E+01
  0.1137500E+01
  0.1162500E+01
  0.1187500E+01
  0.1212500E+01
  0.1237500E+01
  0.1262500E+01
  0.1287500E+01
  0.1312500E+01
  0.1337500E+01
  0.1362500E+01
  0.1387500E+01
  0.1412500E+01
  0.1437500E+01
  0.1462500E+01
  0.1487500E+01
  0.1512500E+01
  0.1537500E+01
  0.1562500E+01
  0.1587500E+01
  0.1612500E+01
  0.1637500E+01
  0.1662500E+01
  0.1687500E+01
  0.1712500E+01
  0.1737500E+01
  0.1762500E+01
  0.1787500E+01
  0.1812500E+01
  0.1837500E+01
  0.1862500E+01
  0.1887500E+01
  0.1912500E+01
  0.1937500E+01
  0.1962500E+01
  0.1987500E+01
  0.2012500E+01
  0.2037500E+01
  0.2062500E+01
  0.2087500E+01
  0.2112500E+01
  0.2137500E+01
  0.2162500E+01
  0.2187500E+01
  0.2212500E+01
  0.2237500E+01
  0.2262500E+01
  0.2287500E+01
  0.2312500E+01
  0.2337500E+01
  0.2362500E+01
  0.2387500E+01
  0.2412500E+01
  0.2437500E+01
  0.2462500E+01
  0.2487500E+01
  0.2512500E+01
  0.2537500E+01
  0.2562500E+01
  0.2587500E+01
  0.2612500E+01
  0.2637500E+01
  0.2662500E+01
  0.2687500E+01
  0.2712500E+01
  0.2737500E+01
